{
  "experiment_config": {
    "model_type": "LogisticRegression",
    "best_params": {
      "C": 1.0
    },
    "feature_scaling": true,
    "scaler_type": "StandardScaler"
  },
  "test_results": {
    "accuracy": 0.9333333333333333,
    "precision_macro": 0.9333333333333332,
    "recall_macro": 0.9333333333333332,
    "f1_macro": 0.9333333333333332,
    "roc_auc_macro": 0.9966666666666667,
    "classification_report": {
      "Iris-setosa": {
        "precision": 1.0,
        "recall": 1.0,
        "f1-score": 1.0,
        "support": 10.0
      },
      "Iris-versicolor": {
        "precision": 0.9,
        "recall": 0.9,
        "f1-score": 0.9,
        "support": 10.0
      },
      "Iris-virginica": {
        "precision": 0.9,
        "recall": 0.9,
        "f1-score": 0.9,
        "support": 10.0
      },
      "accuracy": 0.9333333333333333,
      "macro avg": {
        "precision": 0.9333333333333332,
        "recall": 0.9333333333333332,
        "f1-score": 0.9333333333333332,
        "support": 30.0
      },
      "weighted avg": {
        "precision": 0.9333333333333333,
        "recall": 0.9333333333333333,
        "f1-score": 0.9333333333333333,
        "support": 30.0
      }
    },
    "confusion_matrix": [
      [
        10,
        0,
        0
      ],
      [
        0,
        9,
        1
      ],
      [
        0,
        1,
        9
      ]
    ],
    "class_names": [
      "Iris-setosa",
      "Iris-versicolor",
      "Iris-virginica"
    ],
    "predictions": [
      "Iris-setosa",
      "Iris-virginica",
      "Iris-versicolor",
      "Iris-versicolor",
      "Iris-setosa",
      "Iris-versicolor",
      "Iris-setosa",
      "Iris-setosa",
      "Iris-virginica",
      "Iris-versicolor",
      "Iris-virginica",
      "Iris-virginica",
      "Iris-virginica",
      "Iris-versicolor",
      "Iris-setosa",
      "Iris-setosa",
      "Iris-setosa",
      "Iris-versicolor",
      "Iris-versicolor",
      "Iris-virginica",
      "Iris-setosa",
      "Iris-virginica",
      "Iris-versicolor",
      "Iris-versicolor",
      "Iris-virginica",
      "Iris-virginica",
      "Iris-versicolor",
      "Iris-setosa",
      "Iris-virginica",
      "Iris-setosa"
    ],
    "probabilities": [
      [
        0.9793554983800202,
        0.02064414339694739,
        3.582230325400871e-07
      ],
      [
        0.003773092252977878,
        0.3694989288741448,
        0.6267279788728772
      ],
      [
        0.14964701693747903,
        0.8415812765186976,
        0.008771706543823114
      ],
      [
        0.09588904177036692,
        0.8941203848141748,
        0.00999057341545851
      ],
      [
        0.9888078153761084,
        0.01119201507148145,
        1.6955241023012079e-07
      ],
      [
        0.01799994339792829,
        0.6755032992749883,
        0.30649675732708337
      ],
      [
        0.9963394571134124,
        0.003660513805156375,
        2.9081431017027754e-08
      ],
      [
        0.9423807176616487,
        0.05761800083078762,
        1.2815075637138704e-06
      ],
      [
        0.00040775383537356856,
        0.14435217525250427,
        0.8552400709121222
      ],
      [
        0.06003329632683368,
        0.7365257605279746,
        0.2034409431451917
      ],
      [
        1.7345849423196193e-05,
        0.08494532183983033,
        0.9150373323107465
      ],
      [
        7.146965612241108e-05,
        0.05252882774240294,
        0.9473997026014747
      ],
      [
        4.1916141565166826e-05,
        0.03227896729776318,
        0.9676791165606717
      ],
      [
        0.017093936176711035,
        0.7893459179198159,
        0.19356014590347295
      ],
      [
        0.9771147306319841,
        0.02288487620438736,
        3.931636286873652e-07
      ],
      [
        0.9716264951795499,
        0.02837304478224393,
        4.6003820621494444e-07
      ],
      [
        0.9870391689614723,
        0.01296072806473285,
        1.0297379484534101e-07
      ],
      [
        0.030162454884223464,
        0.9394708440599803,
        0.030366701055796193
      ],
      [
        0.011354524494559079,
        0.7913221139325459,
        0.19732336157289496
      ],
      [
        0.005417023834008847,
        0.3989156521492444,
        0.5956673240167468
      ],
      [
        0.9803138863342594,
        0.019685835924202384,
        2.7774153835286013e-07
      ],
      [
        2.1447594634470058e-05,
        0.01886801175726243,
        0.9811105406481031
      ],
      [
        0.0057998417583972825,
        0.8692440357079376,
        0.12495612253366507
      ],
      [
        0.0012839072156633402,
        0.5126799496076797,
        0.486036143176657
      ],
      [
        3.6694548500907066e-05,
        0.03615580977107317,
        0.9638074956804258
      ],
      [
        0.0014416894109067363,
        0.44192705151996553,
        0.5566312590691278
      ],
      [
        0.008283132728162296,
        0.8541110603893656,
        0.13760580688247218
      ],
      [
        0.9656576348314588,
        0.034341462643532925,
        9.025250083398683e-07
      ],
      [
        0.0005881423321880803,
        0.21579076088090152,
        0.7836210967869104
      ],
      [
        0.9693793205652846,
        0.030620213990622445,
        4.654440928538163e-07
      ]
    ]
  },
  "cross_validation_results": {
    "cv_scores": [
      0.9921875,
      1.0,
      1.0,
      1.0,
      1.0
    ],
    "cv_mean": 0.9984375,
    "cv_std": 0.003125,
    "cv_folds": 5
  },
  "feature_names": [
    "SepalLengthCm",
    "SepalWidthCm",
    "PetalLengthCm",
    "PetalWidthCm"
  ],
  "class_names": [
    "Iris-setosa",
    "Iris-versicolor",
    "Iris-virginica"
  ]
}